1 0.40194340359448694 0.0
1 16.172747756936587 0.0
1 16.851882178671076 0.0
1 19.22055625385838 0.0
1 19.707266956247622 0.0
1 31.74713961292582 0.0
1 34.00581181263988 0.0
1 1349.1904791595152 0.0
1 1351.4274296195072 0.0
1 1355.1882461180505 0.0
1 1359.4515633166884 0.0
1 1377.6420387100734 0.0
1 1378.2771256190244 0.0
1 8613.28846716111 1e-06
1 8755.07799494746 5e-06
1 9427.232053980733 1e-06
1 9508.84414166685 3e-06
1 9613.495513183081 0.0
1 9660.532719071598 1e-06
1 9699.018219318677 0.0
1 9747.886016049342 2e-06
1 9834.778470829517 0.0
1 9884.891606718593 0.0
1 9919.944364117366 0.0
1 9967.499096109534 0.0
1 10001.746584314096 0.0
1 10032.062867044988 0.0
1 10072.075389706735 0.0
1 10092.387325514137 1e-06
1 10124.683383344236 0.0
1 10143.603772545504 0.0
1 10160.581816619742 0.0
1 10177.91194719368 0.0
1 10186.401951552143 0.0
1 10213.18675999777 0.0
1 10288.593490146595 0.0
1 10299.283923616604 0.0
1 10320.525225099882 0.0
1 10330.319987006116 0.0
1 10335.702914150279 0.0
1 10377.74748772019 0.0
1 10390.762406296744 0.0
1 10414.874362761948 1e-06
1 10438.334876398076 1e-06
1 10461.867262577362 0.0
1 10539.029875770684 1e-06
1 10576.88647129402 1e-06
1 10582.957623650764 2e-06
1 10612.189065375169 1e-06
1 10616.022521782725 2e-06
1 10643.170178262044 1e-06
1 10662.336910413687 2e-06
1 10683.64263429965 1e-06
1 10704.85358295915 0.0
1 10727.056654596454 1e-06
1 10749.787613756234 1e-06
1 10812.281509140594 0.0
1 10823.091487064557 0.0
1 10832.57401699073 0.0
1 10842.438259658156 0.0
1 10850.4681864132 0.0
1 10862.921593934627 1e-06
1 10880.184396172954 1e-06
1 10887.800728174663 1e-06
1 10896.221412332743 0.0
1 10923.693248714118 0.0
1 10945.394709368085 0.0
1 10958.12986547877 0.0
1 10965.982570911074 0.0
1 10991.393100066125 0.0
1 11000.09817493963 0.0
1 11017.755105863107 0.0
1 11053.927625453109 1e-06
1 11080.246416337177 0.0
1 11087.797517885703 0.0
1 11094.220805642908 0.0
1 11100.566506891628 1e-06
1 11115.373965773579 0.0
1 11118.74984247632 0.0
1 11133.448034182149 1e-06
1 11141.117335908531 0.0
1 11147.338249333588 0.0
1 11152.54921198728 0.0
1 11158.632143588076 1e-06
1 11173.920201764633 0.0
1 11176.834278547321 0.0
1 11187.326359228682 1e-06
1 11198.564932760166 1e-06
1 11207.99622349441 1e-06
1 11238.467058974677 1e-06
1 11249.769731114502 1e-06
1 11294.742761954694 2e-06
1 11309.033070298792 3e-06
1 11328.385695838844 1e-06
1 11334.378600338896 3e-06
1 11339.314347406982 3e-06
1 11358.42676565684 1e-06
1 11366.18749577796 2e-06
1 11415.963380016292 1e-06
2 16.172747756936587 0.0
2 16.851882178671076 0.0
2 19.22055625385838 0.0
2 19.707266956247622 0.0
2 31.74713961292582 0.0
2 34.00581181263988 0.0
2 1349.1904791595152 0.0
2 1351.4274296195072 0.0
2 1355.1882461180505 0.0
2 1359.4515633166884 0.0
2 1377.6420387100734 0.0
2 1378.2771256190244 0.0
2 8613.28846716111 0.0
2 8755.07799494746 0.0
2 9427.232053980733 0.0
2 9508.84414166685 0.0
2 9613.495513183081 0.0
2 9660.532719071598 0.0
2 9699.018219318677 0.0
2 9747.886016049342 0.0
2 9834.778470829517 0.0
2 9884.891606718593 0.0
2 9919.944364117366 0.0
2 9967.499096109534 0.0
2 10001.746584314096 0.0
2 10032.062867044988 0.0
2 10072.075389706735 0.0
2 10092.387325514137 0.0
2 10124.683383344236 0.0
2 10143.603772545504 0.0
2 10160.581816619742 0.0
2 10177.91194719368 0.0
2 10186.401951552143 0.0
2 10213.18675999777 0.0
2 10288.593490146595 0.0
2 10299.283923616604 0.0
2 10320.525225099882 0.0
2 10330.319987006116 0.0
2 10335.702914150279 0.0
2 10377.74748772019 0.0
2 10390.762406296744 0.0
2 10414.874362761948 0.0
2 10438.334876398076 0.0
2 10461.867262577362 0.0
2 10539.029875770684 0.0
2 10576.88647129402 0.0
2 10582.957623650764 0.0
2 10612.189065375169 0.0
2 10616.022521782725 0.0
2 10643.170178262044 0.0
2 10662.336910413687 0.0
2 10683.64263429965 0.0
2 10704.85358295915 0.0
2 10727.056654596454 0.0
2 10749.787613756234 0.0
2 10812.281509140594 0.0
2 10823.091487064557 0.0
2 10832.57401699073 0.0
2 10842.438259658156 0.0
2 10850.4681864132 0.0
2 10862.921593934627 0.0
2 10880.184396172954 0.0
2 10887.800728174663 0.0
2 10896.221412332743 0.0
2 10923.693248714118 0.0
2 10945.394709368085 0.0
2 10958.12986547877 0.0
2 10965.982570911074 0.0
2 10991.393100066125 0.0
2 11000.09817493963 0.0
2 11017.755105863107 0.0
2 11053.927625453109 0.0
2 11080.246416337177 0.0
2 11087.797517885703 0.0
2 11094.220805642908 0.0
2 11100.566506891628 0.0
2 11115.373965773579 0.0
2 11118.74984247632 0.0
2 11133.448034182149 0.0
2 11141.117335908531 0.0
2 11147.338249333588 0.0
2 11152.54921198728 0.0
2 11158.632143588076 0.0
2 11173.920201764633 0.0
2 11176.834278547321 0.0
2 11187.326359228682 0.0
2 11198.564932760166 0.0
2 11207.99622349441 0.0
2 11238.467058974677 0.0
2 11249.769731114502 0.0
2 11294.742761954694 0.0
2 11309.033070298792 0.0
2 11328.385695838844 0.0
2 11334.378600338896 1e-06
2 11339.314347406982 0.0
2 11358.42676565684 0.0
2 11366.18749577796 0.0
2 11415.963380016292 1e-06
